1,128,0,64,#800040
2,159,0,48,#9F0030
3,191,0,32,#BF0020
4,223,0,16,#DF0010
5,255,0,0,#FF0000
6,255,31,0,#FF1F00
7,255,63,0,#FF3F00
8,255,95,0,#FF5F00
9,255,127,0,#FF7F00
10,255,159,0,#FF9F00
11,255,191,0,#FFBF00
12,255,223,0,#FFDF00
13,255,255,0,#FFFF00
14,223,223,31,#DFDF1F
15,191,191,63,#BFBF3F
16,159,159,95,#9F9F5F
17,127,127,127,#7F7F7F
18,95,95,159,#5F5F9F
19,63,63,191,#3F3FBF
20,31,31,223,#1F1FDF
21,0,0,255,#0000FF
22,16,0,223,#1000DF
23,32,0,191,#2000BF
24,48,0,159,#30009F
25,64,0,128,#400080
253,245,237,182,#400080
254,32,32,32,#400080
255,0,0,0,#400080

